ring_id,vertex_id,x,y
0,0,120,0
0,1,38.042261,12.36068
0,2,97.082039,70.53423
0,3,23.51141,32.36068
0,4,37.082039,114.126782
0,5,0,40
0,6,-37.082039,114.126782
0,7,-23.51141,32.36068
0,8,-97.082039,70.53423
0,9,-38.042261,12.36068
0,10,-120,0
0,11,-38.042261,-12.36068
0,12,-97.082039,-70.53423
0,13,-23.51141,-32.36068
0,14,-37.082039,-114.126782
0,15,-0,-40
0,16,37.082039,-114.126782
0,17,23.51141,-32.36068
0,18,97.082039,-70.53423
0,19,38.042261,-12.36068
Total signed area in input: 1.483282e+04
Total signed area in output: 1.483282e+04
Total areal displacement: 0.000000e+00
