ring_id,vertex_id,x,y
0,0,150,0
0,1,57.9555495773441,15.5291427061512
0,2,51.9615242270663,30
0,3,106.066017177982,106.066017177982
0,4,30,51.9615242270663
0,5,15.5291427061512,57.9555495773441
0,6,9.18485099360515e-15,150
0,7,-15.5291427061512,57.9555495773441
0,8,-30,51.9615242270663
0,9,-106.066017177982,106.066017177982
0,10,-51.9615242270663,30
0,11,-57.9555495773441,15.5291427061513
0,12,-150,1.83697019872103e-14
0,13,-57.9555495773441,-15.5291427061512
0,14,-51.9615242270663,-30
0,15,-106.066017177982,-106.066017177982
0,16,-30,-51.9615242270663
0,17,-15.5291427061512,-57.9555495773441
0,18,-2.75545529808154e-14,-150
0,19,15.5291427061512,-57.9555495773441
0,20,30,-51.9615242270663
0,21,106.066017177982,-106.066017177982
0,22,51.9615242270663,-30
0,23,57.9555495773441,-15.5291427061513
Total signed area in input: 2.236197e+04
Total signed area in output: 2.236197e+04
Total areal displacement: 0.000000e+00
